8
16
3
3
-0.12994379
0.024090793
0.23032333
0.10068768
0.23042461
0.34371123
0.20829134
0.389514
0.40209988
0.12309025
-0.19060054
-0.0475987
0.23690999
-0.078372225
0.19676872
0.24440835
0.11616976
0.32111695
0.027843328
-0.002683479
0.1788172
0.041574452
0.12587352
0.03626815
-0.055324055
-0.25719988
0.035439894
0.19602847
0.39391205
0.21650723
0.364643
0.03936808
-0.32639357
0.21466745
-0.16275932
-0.05408354
-0.037940245
-0.120863974
-0.3002353
0.16370827
0.053185817
-0.14863734
0.08860152
0.16881698
0.09068552
-0.15289284
-0.0022894666
0.16558202
0.12970112
0.35384575
0.2817268
0.27260938
0.287009
0.19041371
0.12564033
0.19133814
-0.1751941
0.102605335
0.10583619
-0.12852803
0.10058018
0.2581613
0.112564884
-0.01852288
0.034928136
0.16700089
-0.079707205
-0.109422304
0.35104117
0.10837663
0.04550725
0.15374729
-0.014198519
0.18464747
0.123996966
-0.32260838
-0.058154378
0.29331672
-0.15118094
-0.07436043
0.1042981
0.1276343
-0.01017567
-0.018904515
0.37719092
0.22473796
0.11907451
0.38541523
0.44536364
0.41213974
-0.11140654
-0.18397035
-0.09960431
-0.038337026
-0.04619473
0.062781245
0.12076403
0.1666777
-0.018262642
-0.06850031
-0.18193252
-0.2604398
0.09301243
0.14661345
0.06283646
0.287986
0.11254613
0.16533868
-0.06333402
0.038829636
-0.10355415
0.17277037
0.14493343
0.09861767
0.032717198
0.042858593
0.037955742
0.14170368
-0.23729289
-0.20658469
0.30801705
-0.076504745
-0.05121308
0.36591506
0.15612806
0.057933494
-0.097224705
0.0010967236
-0.2220107
0.05395011
-0.0028294292
-0.07160906
0.067402504
-0.01360256
0.061798416
-0.037222516
0.09298674
0.05816093
0.10317661
0.2688074
0.22268555
0.28327155
0.504707
0.25291055
-0.46618593
-0.20289782
-0.20441133
-0.38711402
0.049266566
0.16478987
0.25971225
0.17050745
0.403308
0.059256975
-0.059273295
-0.2825957
0.23410542
0.0030329379
0.1379706
0.08826374
0.013741271
0.1214857
0.18394484
0.03149992
0.08704686
0.25137833
-0.10906065
-0.07521413
-0.09007804
0.062369965
0.13589151
0.13729106
-0.0043735798
-0.011745826
0.022800354
0.08639984
-0.5436446
0.3451907
-0.037750974
-0.562233
-0.22681639
0.21699014
-0.11141989
0.028037274
0.4815297
-0.022592176
0.33328408
0.32100984
-0.10692669
-0.49811518
-0.21332443
-0.10914926
-0.6809212
-0.010953271
0.085841395
-0.33937278
0.13911946
-0.1092657
0.14100352
-0.017487384
-0.22186896
-0.017698338
0.25295812
0.088549316
-0.14439556
0.29360473
0.29943812
0.13398103
-0.27624977
0.46077275
0.4803231
-0.43076518
0.15403362
0.1052301
0.03224949
-0.13114007
0.11992448
0.1867921
0.12861533
-0.66410726
-0.18728854
0.27690125
-0.2032846
-0.75921386
0.0689136
-0.27240837
-0.52112573
-0.18952854
-0.06694396
-0.20800634
-0.13376933
0.25480428
0.26650324
0.093257315
-0.016114118
0.3147997
-0.039451353
-0.26500005
0.31916973
0.39738002
0.18562032
0.015152318
0.40432617
-0.25919667
-0.15771002
-0.31894088
0.036721412
0.03545309
-0.14197822
0.24429539
0.13054693
0.28567377
0.08349251
0.05897197
-0.06140513
0.17603599
0.063912794
0.1518801
0.13856621
-0.15758479
0.37550107
0.33363575
-0.17904392
-0.37749743
0.2421391
0.13126773
-0.29388925
0.14946492
0.46550304
-0.32257557
-0.055619344
-0.46145213
0.33050996
0.33018574
0.18067876
0.16406098
0.3321606
0.22147137
0.037692323
-0.1842014
-0.14012694
-0.0788011
-0.36899933
0.0651788
0.1653555
0.008360546
0.042612888
0.1758947
0.31581712
0.10503452
0.15110366
0.22761449
0.13941568
0.26767704
0.41441566
0.24398392
0.60971284
0.18283005
0.0989638
0.27383208
-0.049924202
0.1549133
0.50555277
0.3082475
0.29947847
0.55446917
-0.31470004
0.01118922
-0.17906682
0.25562236
0.21398942
-0.027430184
0.22675851
-0.037988227
0.11077148
0.22975028
-0.042811166
0.13360992
0.3297006
0.1142652
0.011644114
0.31568542
0.050237004
0.08899587
-0.25769806
-0.15775293
0.22229712
-0.22268616
0.16116984
-0.0040773866
0.17104718
0.27833712
0.019662485
-0.034072667
-0.34682706
-0.26380998
0.09456368
-0.30851343
-0.009906095
0.20785731
-0.16247587
0.17524634
-0.058933493
-0.21093674
-0.0031631452
0.07810902
-0.13409178
0.049142815
-0.18367472
0.11481159
0.18712541
0.07617781
0.19218041
0.24445225
0.2740231
0.085427865
0.07024975
0.22091997
0.27870017
0.09970093
0.14131282
0.048915546
0.2639906
-0.17860326
-0.123369284
0.33174983
0.101671696
-0.15424588
0.24336918
-0.12699988
-0.40163717
-0.17982529
-0.12744121
-0.28954482
-0.14807548
0.18868397
0.23386234
0.2910853
0.0069655725
0.06274138
0.20981783
0.11075373
0.053377822
0.31437334
0.37022123
0.32979444
0.317705
0.068515904
-0.23307492
-0.07871452
0.08438119
-0.10268253
0.06516409
0.016517159
-0.057006013
-0.16415185
0.244644
0.1794247
0.24381815
0.30089745
0.22643097
0.12414853
0.41000426
0.41464946
0.20242879
0.05147699
-0.080545984
-0.2091364
-0.119402535
0.11251507
-0.08623154
0.029229587
0.32078564
-0.15152456
0.041730486
0.11625564
0.17326525
0.0016415353
0.020058159
-0.25292045
0.23093426
0.40720168
0.14280283
0.16671735
0.23011513
0.31428352
0.06986604
0.20918947
0.3778731
0.1791488
0.2760218
0.4632456
-0.6306976
-0.2939242
-0.1135127
-0.25157803
0.07182625
0.2618652
-0.12422351
0.01574456
0.25690818
0.055853467
-0.3279825
-0.2277799
0.17286399
-0.11623695
-0.076165885
0.17699522
-0.03453213
0.11874493
0.007797498
-0.020950848
0.19528288
0.23017861
0.098661974
0.19689375
-0.03021205
-0.31235218
-0.11021374
0.02899614
0.05668615
-0.010619405
0.26985487
-0.0131032225
-0.37785867
0.26675522
-0.22553173
-0.16175304
-0.15141606
-0.16269843
-0.23144951
0.013597363
0.016056301
0.025203496
0.09077748
0.084952705
0.051630702
-0.3861486
-0.16544308
-0.22278868
-0.076828495
0.0464023
0.15958321
0.07507706
0.07508522
0.07528884
0.116795644
-0.0070651453
-0.42292488
0.18448973
0.15882133
-0.16339731
-0.08767474
0.019270772
-0.0532383
-0.33152658
-0.20345381
0.10047949
-0.11619352
-0.3162599
0.078455314
-0.05688009
-0.056075957
-0.0062473556
0.09028739
0.205207
0.23588951
-0.52658343
0.06033833
0.23267627
-0.4632022
-0.3582938
0.2024927
-0.010229682
-0.2361364
-0.1609594
0.06028962
0.1958024
-0.019335655
0.2693807
0.30765498
0.39237347
-0.3704461
-0.098876886
-0.095867895
-0.061222233
-0.12851341
0.027163126
-0.103363134
0.115888715
-0.06014985
-0.071301475
-0.25263017
-0.41540095
0.11071966
0.1967612
-0.12998126
0.19723207
0.1533308
0.13430026
0.04495021
-0.19555098
-0.29105383
0.089530654
0.014367641
-0.17662248
-0.16758716
0.0753722
0.0290611
0.27596578
-0.28449163
-0.40650818
0.1907783
-0.0014919367
-0.23806341
0.30903557
0.18727507
-0.031240126
-0.37551183
-0.10335376
0.071210146
0.097579546
-0.12501158
0.038421817
0.22849418
0.16724616
0.2467397
-0.17584096
-0.15710275
-0.13489716
-0.30297402
-0.17064816
-0.14281338
0.1260652
0.08688525
0.11930022
0.038416628
-0.9751892
-0.0050875554
-0.19378574
-0.98899406
0.15003347
0.15181568
-0.76098293
-0.07661336
-0.07239029
0.054520622
-0.19163787
0.26598993
0.20612632
0.25344226
0.21780172
-0.25844017
-0.020960642
0.15535721
-0.0036972768
-0.2432503
0.17455184
-0.18089816
-0.044459876
0.027724557
-0.3464438
0.09242666
0.024731727
0.016488645
-0.0408376
0.091308
0.2632342
-0.36855242
0.32586387
0.39253572
-0.44886398
-0.100746326
0.46420753
0.0861036
-0.07846291
0.6640754
-0.0027807602
0.09807062
0.28356406
-0.3268893
-0.23280974
-0.5735217
0.24497896
-0.84965837
-0.16020203
0.3297957
-0.23775354
0.3462043
0.28186795
0.10767929
0.056695413
-0.0023657647
-0.64469
0.31164408
0.37822765
-1.2188444
0.37949315
0.44093034
0.13960135
-1.3476446
-0.04523203
0.09699162
-0.6583778
-0.39783248
-0.22190085
-0.13277061
-0.12868492
-0.7097557
-0.29531884
0.3234238
-0.47096425
-0.6825351
0.10546178
0.012752641
-0.09952494
0.16545737
-0.19215767
-0.116200924
0.016304007
-0.2672765
0.2616523
-0.015320618
-0.019842763
0.30996558
0.022207096
-0.9639433
-0.091688514
0.16358219
-0.24771827
-0.041154422
0.2472007
0.14703107
0.13562809
0.2928615
-0.11252379
-0.094160855
-0.107652664
0.02783336
-0.007112702
0.08918892
0.08084283
0.029362308
-0.0038215946
0.13440374
-0.29135925
0.011154931
0.011319059
-0.039529897
0.22609256
-0.23066674
-0.061180785
0.22058167
0.22647223
0.14826888
-0.6482046
0.05963868
0.49199456
-0.2618912
0.17056286
0.3551314
-0.17406167
-0.113543764
-0.28668848
0.057126693
0.115667015
0.08695077
-0.09941941
-0.038091663
0.038444184
-0.14385968
-1.3146206
0.04192093
-0.32488868
-2.0708892
-0.1589082
0.061917406
-0.93089825
0.11578266
0.30152464
0.34548083
-0.60314906
-0.12340843
0.18756023
-0.6048836
0.53828526
0.25236544
0.024133485
0.22011171
0.048202645
0.010557521
0.065836705
0.07391441
0.18108699
0.14570795
0.34094337
0.13554673
0.16810267
-0.15812616
0.1281687
-0.36349952
0.46819806
0.04451886
-0.032931395
0.121426
-0.23632863
0.06530982
-0.007070738
-0.06042787
0.22486153
0.21213703
0.19251157
-0.056490924
0.6695579
0.3561747
-0.28404516
-0.5474996
0.20083438
0.13999645
-0.50559336
0.3657459
0.16202413
-0.17996751
0.61626494
0.16798447
-0.034300223
-0.61375976
0.11059226
-0.14399524
-0.47708115
0.2700956
-0.17110609
-0.18609893
0.44070005
0.059732836
-0.0059151766
-0.058164522
-0.19664444
-0.00064577116
0.38094118
-0.4397343
0.13619797
0.56819284
-0.006062663
-0.056922805
0.11527087
0.24246085
0.31534383
-0.44810796
0.04777334
0.25250593
-0.014388975
0.11850241
0.019984566
0.31603226
-0.11482494
-0.5151324
0.34402817
-0.009138622
-0.2117762
0.09534687
-0.03359082
-0.31337485
-0.11435654
-0.15029007
-0.14324522
0.06808101
-0.032215588
0.2545062
0.2392286
0.0148955425
0.114345126
0.27202445
0.46843353
-0.21806772
0.46291652
0.46535778
-0.09670417
0.33626992
0.032874174
0.0052836295
-0.06372479
0.26216748
-0.005064962
0.17256364
0.26987734
-0.057379972
0.08731834
0.12649654
-0.08228211
0.18016908
0.19883755
-0.041648984
0.3205915
0.026169026
0.08276634
0.15348178
0.02290382
0.16754933
-0.48862556
0.06503785
0.532845
-0.25137374
0.13624935
0.37215683
0.060348775
-0.38726482
0.2167776
-0.09637588
-0.33573323
0.34481683
-0.4296649
-0.021930015
0.4994522
0.20302197
-0.3800436
0.34963706
-0.18580426
-0.7892031
0.111794814
0.17328095
-0.6061387
0.24460277
0.29906306
-0.88706565
-0.04455796
0.0054588392
-0.4998879
0.046820488
0.004080535
-0.13476734
0.27615592
0.27024758
0.108130015
-0.2776763
-0.10240214
-0.14261559
-0.25122496
-0.3471548
0.039122395
-0.058012936
0.14049141
0.19031397
-0.21831647
0.11202891
0.08992441
0.089483865
0.28053045
0.0995104
-0.058831174
0.1370851
-0.04228839
0.28103125
-0.021597045
0.21124801
0.24117845
-0.6475332
-0.08781044
-0.62612885
-0.7253991
-0.13183084
-0.11767526
-0.3096782
0.118295506
0.058850743
-0.13474387
0.093224786
0.15793249
0.09715015
-0.6084026
-0.16148353
-0.1654269
-0.23599364
0.26446843
0.15211807
0.40293345
0.31830215
0.090571806
0.05152602
-0.056178015
0.01956726
0.115156844
-0.008171125
-0.2209941
0.0061232895
0.073118865
-0.22623436
0.0787006
-0.021079209
0.18685219
-0.2330719
-0.50301147
0.0068219374
0.0037035435
-0.14339656
0.46453622
0.18293568
0.20445406
0.277052
-0.3681771
-0.048342127
0.1292895
-0.47372627
0.027960666
0.10057161
-0.28109068
-0.21728605
-0.21875224
0.31940818
0.069812514
-0.10161361
0.3685648
0.02809778
-0.0039566476
-0.25648198
-0.11140992
-0.2935772
-0.2858854
0.18473539
-0.12028252
0.07916413
0.17024456
-0.062043425
-0.1717305
-0.34864122
-0.4446766
-0.0022625853
-0.15956567
-0.18954842
0.21830413
0.03166267
0.037424453
-0.041138165
-0.23475102
-0.371095
-0.0529037
-0.0743878
-0.1465727
0.10950536
-0.007742121
-0.007954926
-0.10405453
-0.15534069
-0.19923016
0.23352215
-0.345986
-0.35743064
0.01204871
-0.1245158
0.089361496
0.023577627
-0.020709146
0.04836693
0.3536825
-0.21614012
-0.09879674
0.15948315
0.15072978
0.060007546
-0.19808984
-0.33722687
0.02305962
-0.2514911
-0.12287287
-0.23005028
0.07313174
0.16750191
0.07001775
-0.0003121648
-0.9233052
-1.2794616
-0.5423902
-2.665391
-1.2391139
-0.40179634
-2.4110208
-2.0692322
-0.7580249
-1.5632153
-0.039152134
-1.3268992
-1.5902839
0.19284454
-2.0162556
-2.4268866
-1.0711787
-0.04574683
-0.21007147
-0.037431885
0.0661453
-0.49508587
-0.56795603
-0.20931144
-0.6698544
-0.2629672
-1.0377489
-2.2949839
-3.4577272
-1.3711221
-2.1917806
-0.5986364
-0.96483165
-0.016988277
0.8669227
-0.6859624
-0.36816356
0.5424738
-1.0181236
-0.40976438
0.29581603
-0.91332793
-0.30826876
0.05554045
0.34428564
-0.17474155
-0.3944299
0.8623514
-0.2327309
-0.5804656
0.08340562
-0.9864374
-0.43131796
-0.38254994
-0.5519552
-1.0452814
-1.357301
-0.7494024
-0.27054042
-1.4922822
-1.0215776
0.16808848
-1.0203614
-1.8017374
-0.42158493
0.44113666
0.5600761
-1.147135
0.19764172
0.5777569
-0.5056935
-0.73895234
0.04030723
-0.03000427
-0.27986744
-0.55894715
0.09210016
0.60160506
0.05203266
-0.21882184
-0.101628676
-0.76676816
-1.1973504
-0.5073279
-1.836484
-1.8270943
-0.9206347
-1.1477624
0.03897241
-0.8154011
-0.6666436
0.32748026
0.015378531
-1.2540255
-0.0035783276
-0.0050091096
-0.6407074
-0.287317
0.7155796
0.4745589
0.5581879
0.17212817
-0.0092448965
0.27293032
-0.0053143064
0.08372365
-0.049527157
-0.3100841
0.031534046
-0.123183005
0.017165367
0.0870664
-0.118328646
-1.0836391
-0.3996115
0.062252108
-0.58682084
-0.7449738
-0.8322251
-1.0600749
-0.12573835
0.34967667
-0.99549836
-0.106638186
0.041969594
-0.4531689
-0.6134527
0.061664846
-0.2696787
-0.16797452
-0.41831893
-0.45350447
0.40519488
0.5139671
-0.8413705
-0.7831867
-0.48205757
-0.65329653
-0.90404016
-0.09493246
0.009238613
-0.6524549
-0.084834754
