1
8
5
5
-0.09031061
-0.03336624
-0.11189598
0.056310076
0.06624968
-0.12464136
0.025308143
-0.011020843
0.17223148
0.17722513
0.25581437
0.26997146
0.46982503
0.5275438
0.32082573
0.6296698
0.40173554
0.41077295
0.16437902
0.012280556
0.5020016
0.5306878
0.58911777
0.4427184
0.5657927
-0.022316994
0.556457
0.54704523
-0.56060183
0.016691176
0.021055028
0.6799287
0.7353004
-1.0393969
-0.5691743
-0.17806143
0.8994218
0.98726386
-0.6849863
-1.0722282
-0.5751875
0.53595966
0.9735959
0.36897427
0.04852825
-0.50473285
0.2500737
0.7772961
0.7667019
0.20044465
0.141532
0.19101655
-0.32633573
-0.21980208
-0.281579
0.12767759
0.1485255
-0.15803957
-0.1667663
0.21897922
0.4118742
0.52559793
0.34423375
-0.016546126
0.57968336
-0.14739643
-0.034010995
0.13573432
-0.4148353
0.20161086
-0.2458451
-0.098150276
0.031432297
-0.44926664
-0.010076348
0.01839811
0.1060781
0.29028115
-0.045988623
0.10954517
0.2842362
0.16786887
0.1273993
-0.032204907
-0.22593683
0.51710004
0.58663845
0.6651415
0.6632073
0.11249625
0.8149387
0.59401375
0.62451005
0.7012767
0.5821899
0.342467
-0.04160919
-0.14736928
0.2727985
0.45644805
0.25442162
0.56978476
0.033564508
-0.35409984
-1.2180941
0.6826443
0.9520898
-0.07719268
-0.3572426
-1.4408185
0.3667677
0.823823
-0.62106055
-0.8850935
-1.3885534
0.6611889
1.2414082
0.055377398
0.07911856
-0.40101907
0.59761596
0.90590787
0.30044225
-0.1273887
-0.29484126
0.8225422
0.36290434
-0.5070519
-0.7420125
0.029608998
0.90249485
-0.08224597
-0.72375464
-1.060449
-0.4358639
1.3658913
0.39760283
-0.20285521
-0.08294292
0.13070276
0.890961
0.76429033
-0.15049498
0.009090415
0.035011575
0.36874253
0.2964479
0.026986184
-0.24005227
-0.31251302
-0.8772962
-0.079373464
0.43722463
0.47100988
0.508428
-0.3745592
0.3470497
1.2560601
0.7750051
0.26570898
0.112273425
0.69086146
1.2554088
0.24238937
-0.19375065
0.13084202
0.48579553
0.7973352
-0.07977798
0.013708349
-0.4324579
-0.055139817
0.024228828
-0.096982226
-0.28037757
-0.2156882
-1.0854397
-1.1073374
-1.6160387
-0.9310342
0.09049834
-0.8676589
-0.3597029
-1.2572191
-0.69497955
0.58232343
-0.11833435
0.6093413
-0.00028511346
-0.027738089
0.8997172
0.14121687
0.65163565
0.7715348
0.4981146
0.38156134
0.5704071
0.8840888
1.0141705
0.7871873
