60
0.00289084
0.027571684
-0.016323596
-0.04124917
-0.026155349
-0.06510343
-0.008333324
-0.017128827
0.03259131
-0.05919416
0.2075389
0.12500405
-0.024696259
0.0104022985
0.058095556
-0.22369918
-0.081109144
0.13092977
0.16705519
-0.17664641
0.15004587
-0.040069968
0.23519559
-0.088128924
-0.016711632
-0.07000367
-0.0015238001
-0.11177991
0.27020413
-0.022385763
0.16456227
-0.12850113
-0.0297306
0.12105539
0.20644651
-0.01290322
0.21796422
0.1531764
-0.06341654
-0.053231556
0.4301958
0.027815405
0.017701168
0.015682803
0.005027334
-0.09542848
0.15378587
0.17543085
0.0122095235
0.045523316
0.11179215
0.0094215525
-0.30293846
0.23466107
0.16765396
-0.0015161281
-0.19514924
-0.009606377
0.009826066
-0.03475871
