11
60
0.10737348
0.14309222
0.010482031
0.0476721
0.029762868
0.059493706
0.06744722
-0.1595425
-0.07719349
0.024787221
0.10428656
-0.07770615
-0.092839114
-0.090607055
0.012073457
-0.46274406
-0.0074585807
-0.01558396
-0.15048991
-0.07270733
0.5506432
0.040850636
0.087274104
0.038754176
-0.009879838
-0.28915894
0.038016945
-0.1843479
0.21822341
0.24018918
-0.13788812
0.12259512
0.0938807
0.6293789
0.27855495
-0.04628086
0.522098
-0.7462741
0.009503964
0.145744
0.26201513
-0.09038145
-0.004195656
-0.2684334
0.022945203
0.27066922
-0.22847968
-0.20876342
-0.1058377
0.10822541
-0.6263099
0.012759942
0.09457569
0.631439
-0.5717649
-0.0458512
0.2582749
0.07369767
-0.07299367
-0.07537086
0.07028141
0.0719674
-0.08168927
0.085505754
0.07208028
0.10635243
0.22291704
-0.07740191
-0.10789334
0.2778532
0.25092393
0.21909878
0.061735973
-0.06392079
0.20073369
-0.24165475
-0.113773264
-0.32758972
0.26953036
0.47312635
-0.7962059
0.03180131
-1.1145614
0.10946501
-0.08560654
0.08504897
0.06301197
0.12441092
0.20803319
-0.018840604
-0.45285073
-0.59465456
-0.0065688947
-0.42853078
-0.56524926
0.044786226
-1.180728
0.3140438
0.06588671
-0.021465993
-0.5864314
0.010539136
0.018236583
-0.765153
-0.04474557
0.043239407
0.03184703
-0.2529353
0.033120245
0.31184867
0.0054662116
0.035083685
0.2847902
-0.7275843
0.41374117
-0.07812043
0.23825705
0.114319526
0.08317989
-0.037133
-0.056371845
-0.5522319
-0.04915417
-0.05244269
-0.101801366
-0.058038935
0.004874601
-0.06497373
-0.02762083
-0.31489983
-0.22007063
-0.18756123
0.06787639
0.07802329
-0.67135805
0.35313815
0.07296788
-0.06443846
-0.09362084
0.2735699
0.19331858
0.06758324
-0.04853124
-0.5461083
0.09352625
0.06757249
-0.020101983
-0.090134226
-0.6102839
-0.12919523
-0.13789372
0.10402654
0.039437376
0.589087
-0.07400199
0.07501007
0.30030504
-0.35051256
-0.027620345
0.121499844
0.075314544
0.10855408
-0.063496046
0.7016958
-0.05665214
0.31002116
0.40095785
-0.89345294
-0.007103004
0.016618961
0.31642833
-0.11421875
-0.022280995
-0.42519847
-0.4234614
-0.071926
-0.20206033
0.030185878
-0.027702034
-0.022948358
-0.12186937
0.49319962
-0.088807546
0.07086472
0.017815808
-0.03956853
-0.36458516
-0.022288613
-0.104075626
-0.052471165
0.10574313
-0.4322767
-0.020840174
-0.020555371
0.09731305
0.24532086
-0.11345772
0.30592188
-0.12440376
-0.059883825
-0.53142685
-0.12857425
0.086714596
0.09193446
-0.056826252
0.16083048
-0.032338697
-0.25124472
-0.6202722
-0.025192315
-1.0676429
-0.7558308
0.012379559
0.28030774
0.19941121
-0.05166566
0.38815892
0.39259526
0.12558427
0.025210913
-0.23850362
-0.08273698
-0.054841023
0.3453254
0.049754877
-0.09828278
-0.12417463
0.28335604
-0.093871646
-0.08695564
0.48686308
-0.1172415
-0.18227993
-0.43440986
-0.0806163
-0.049513817
-0.3194992
-0.08582422
-0.06135051
-0.067083016
0.05330617
-0.1799952
-0.05039406
9.491654e-06
0.056076653
-0.044100735
0.25146255
-0.071663804
-0.0542391
0.44370788
-0.2755617
-1.1097729
-0.124447264
0.12249923
-0.43641502
-0.1337429
-0.05648707
0.3395144
-0.26260763
0.21989326
-0.28689328
-0.051512394
-0.37751946
-0.15923785
-0.026365755
0.33769986
-0.103311904
0.6449076
-0.9249761
-0.20273761
0.025095116
0.09531361
0.07855326
-0.41393095
-0.12893762
-0.088115565
0.08292873
0.10927133
0.25009766
-0.009902884
0.010463897
0.01017515
0.093158364
-0.35422677
-0.015351173
-0.46913767
-0.5699198
0.6743726
-0.12168565
0.22498034
-0.403367
-0.024804888
0.18943176
-0.2643967
-0.2252522
0.04805251
-0.41356975
-0.06949868
-0.01688062
-0.12085574
0.07890695
0.09395301
0.04593546
0.081767455
-0.04291759
-0.08482149
-0.6972924
0.0034027977
-0.025003748
0.38907024
0.17368826
0.54631406
0.048671532
-0.06697519
0.15941255
0.21587111
-0.018045636
0.14316197
-0.18430397
-0.33369377
-0.08722961
-0.10396659
-0.43227637
-0.42092398
0.036849853
-0.15527067
-0.03623144
-0.45066923
0.5744942
0.038455177
0.054805323
0.20130222
-0.10955598
-0.60544527
-0.25852883
0.022488814
0.20489222
0.3197016
0.07827838
-0.058476824
-0.08513032
-0.009238629
0.017472738
0.22466817
-0.055047035
-0.42529464
-0.37138775
0.1620619
-0.0115406625
-0.13994847
0.10742953
-0.09661527
0.16323096
0.11148647
0.087164246
0.032944653
-0.5609835
-0.027310468
0.06036094
-0.017688278
-0.119237974
0.2903431
-0.022268644
0.051846452
0.06958378
-0.08900628
-0.248556
0.012376295
0.082773514
0.11994663
-0.3539716
-0.91760343
0.07478142
-0.06683795
0.10341406
0.16153605
0.09196828
-0.5539971
-0.19093122
0.22662579
0.14702147
0.03609832
0.0709248
0.08054827
0.059274063
-0.1623675
0.04275385
-0.23075756
0.4563939
0.47514457
0.00085101125
-0.0542576
-0.10219555
0.2485415
0.4932085
-0.0036883007
-0.6209402
-1.4015554
0.1347999
0.06333002
-0.65807456
-0.10208548
0.06404787
-0.4351989
-0.112017505
-0.037840687
0.48753956
0.24214922
-0.06831488
0.48853177
0.07333453
-0.09175375
-0.51855457
0.094019786
-0.2826403
0.057716493
-0.04108228
-0.0039284755
-0.090478934
-0.0036639231
-0.12892315
0.57726026
-0.05888906
0.044519775
0.042772762
0.06840528
-0.5110446
-0.1401789
0.0976075
0.30261168
-0.61604995
-0.33405045
0.032738384
-0.09191838
-1.064354
-0.055341605
-0.12194972
0.11927156
-0.31366
0.31102946
0.3570025
0.07543767
-0.22403185
0.005115208
0.08401431
0.056934536
0.045764484
-0.72327477
-0.14826617
0.057372205
0.6298016
0.20871082
-0.008396306
-0.7822228
-0.14641911
-0.03512069
-0.34014
0.10549835
0.07246131
0.035868917
0.22035809
0.0349302
-0.02586979
0.3456903
-0.12589815
-0.36679855
0.0524165
-0.27709568
-0.05640959
0.62167245
-0.3488332
0.078188166
0.27873775
0.102360435
-0.05921904
-0.027070915
0.48720732
0.09212437
-0.057776157
-0.06565373
-0.08940032
-0.77023596
-0.097902186
0.038204234
0.020974956
0.038331527
0.45383784
-0.05428633
0.10645192
-0.41454577
0.17317484
0.08099418
0.13958284
-0.0719412
0.19981065
-0.08017263
0.022796085
-0.35484394
0.5799553
-0.2119492
0.06753105
0.10327941
0.064283244
-0.109815136
-0.07663172
-0.3562868
-0.043472968
0.005418964
0.3469498
-0.39748356
0.15465224
-0.07222491
-0.057627656
-0.13808687
0.2097564
0.0893013
0.08445061
0.15220079
-0.020386059
0.06606283
0.4405994
-0.098565996
0.024241515
-0.00814638
-0.071210295
0.46220997
0.21931842
0.1311601
-0.028751342
-1.039715
0.17112595
0.05394089
0.049974073
0.20608623
0.19845353
-0.07931724
-0.46899626
-0.014073259
-0.0077515235
-0.077908665
0.025427831
-0.5527545
-0.009119079
0.059808236
0.102223925
-0.027494613
-0.14063552
0.04851155
-0.0029046973
-0.7256239
0.62184286
0.16742231
-0.14639455
0.09799942
0.04416912
-0.2748039
0.044614952
0.34246367
0.20671263
-0.48763305
-0.79966867
0.07276176
0.5804829
-0.28633404
0.08497445
0.36757803
-0.0268117
0.8334178
-0.6369291
0.16621107
-0.045018345
0.23479211
0.07125799
0.023271432
-0.39346778
0.040849447
-0.6755985
-0.068442956
-0.7103096
0.040119372
0.61262447
-0.07116207
0.10266441
0.4861624
0.01622031
0.011613477
0.14005227
-0.27732053
-0.086541526
-0.27301943
-0.1499578
-0.057264872
-0.63238794
-0.011739035
0.41866568
-0.027279664
-0.044788122
-0.016859999
-0.00028470607
-0.17769085
-0.016508294
-0.37274626
0.04456315
0.069668055
-0.060991503
-0.11135338
0.44356504
-0.043103594
0.03170905
-0.48805538
-0.12978478
0.5765798
-0.006311946
0.015305329
0.570147
0.10510836
-0.060872916
-0.33119953
-0.4360278
-0.99855113
0.13798398
0.031943392
0.44816342
0.49089408
0.05124163
-0.16507024
-0.049330987
0.46770856
0.12053501
-0.40390453
-0.10799293
0.1034282
0.017225469
0.12119348
-0.75298
0.0112609025
0.3094836
0.095446035
-0.8481462
0.010911472
-0.47071484
0.10293921
0.004554535
-0.7158958
0.044156905
-0.11232394
0.12086354
0.06367487
0.08302623
-0.4073805
0.19903693
0.10929339
0.11843898
-0.123719
0.013235881
-0.009420653
0.4457393
-0.08870269
-0.007073114
-0.19913842
